aggregate data per location for Perturbator = 1
Exploration Plus One
PONE : plus one perturbator
5 arrays of 100 integers
Random integer generated with 23 as seed
49 perturbations points
IndexLoc   #Success   #Failure   #Exception #CallAllExecs      AvgCallPerExec     #Perturbations AvgPerturbationPerExec   #Execs     #ExecsRef  AvgCallRefPerTask #Tasks     %Success                   
0          347        33         0          28936              76.15              380            1.00                     380        380        76.0              5          ------------------- 91.32  
1          348        0          32         28030              73.76              380            1.00                     380        380        76.0              5          ------------------- 91.58  
2          380        0          0          28907              76.07              380            1.00                     380        380        76.0              5          -------------------- 100.00
3          380        0          0          28908              76.07              380            1.00                     380        380        76.0              5          -------------------- 100.00
4          380        0          0          28919              76.10              380            1.00                     380        380        76.0              5          -------------------- 100.00
5          380        0          0          28908              76.07              380            1.00                     380        380        76.0              5          -------------------- 100.00
6          380        0          0          28925              76.12              380            1.00                     380        380        76.0              5          -------------------- 100.00
7          380        0          0          28907              76.07              380            1.00                     380        380        76.0              5          -------------------- 100.00
8          380        0          0          28907              76.07              380            1.00                     380        380        76.0              5          -------------------- 100.00
9          347        0          33         28975              76.25              380            1.00                     380        380        76.0              5          ------------------- 91.32  
10         1586       0          0          503486             317.46             1586           1.00                     1586       1586       317.2             5          -------------------- 100.00
11         1586       0          0          503402             317.40             1586           1.00                     1586       1586       317.2             5          -------------------- 100.00
13         1319       245        0          492692             315.02             1564           1.00                     1564       1564       312.8             5          ----------------- 84.34    
14         1349       215        0          490873             313.86             1564           1.00                     1564       1564       312.8             5          ------------------ 86.25   
15         1564       0          0          492504             314.90             1564           1.00                     1564       1564       312.8             5          -------------------- 100.00
17         300        58         0          28387              79.29              358            1.00                     358        358        71.6              5          ----------------- 83.80    
18         300        58         0          28387              79.29              358            1.00                     358        358        71.6              5          ----------------- 83.80    
19         300        58         0          28387              79.29              358            1.00                     358        358        71.6              5          ----------------- 83.80    
20         1660       258        32         759996             389.74             1950           1.00                     1950       1950       390.0             5          ------------------ 85.13   
21         1950       0          0          765752             392.69             1950           1.00                     1950       1950       390.0             5          -------------------- 100.00
22         1630       320        0          765000             392.31             1950           1.00                     1950       1950       390.0             5          ----------------- 83.59    
24         744        0          0          116838             157.04             744            1.00                     744        744        148.8             5          -------------------- 100.00
25         642        102        0          114870             154.40             744            1.00                     744        744        148.8             5          ------------------ 86.29   
26         744        0          0          116838             157.04             744            1.00                     744        744        148.8             5          -------------------- 100.00
27         1206       0          0          291024             241.31             1206           1.00                     1206       1206       241.2             5          -------------------- 100.00
28         1166       40         0          290745             241.08             1206           1.00                     1206       1206       241.2             5          -------------------- 96.68 
30         674        492        0          271198             232.59             1166           1.00                     1166       1166       233.2             5          ------------ 57.80         
31         462        680        24         269854             231.44             1166           1.00                     1166       1166       233.2             5          -------- 39.62             
32         885        281        0          270979             232.40             1166           1.00                     1166       1166       233.2             5          ---------------- 75.90     
33         885        281        0          270979             232.40             1166           1.00                     1166       1166       233.2             5          ---------------- 75.90     
34         885        281        0          270979             232.40             1166           1.00                     1166       1166       233.2             5          ---------------- 75.90     
35         1166       0          0          272278             233.51             1166           1.00                     1166       1166       233.2             5          -------------------- 100.00
36         969        197        0          271343             232.71             1166           1.00                     1166       1166       233.2             5          ----------------- 83.10    
37         1166       0          0          272278             233.51             1166           1.00                     1166       1166       233.2             5          -------------------- 100.00
38         375        5          0          28851              75.92              380            1.00                     380        380        76.0              5          -------------------- 98.68 
39         380        0          0          29098              76.57              380            1.00                     380        380        76.0              5          -------------------- 100.00
41         145        42         0          6978               37.32              187            1.00                     187        187        37.4              5          ---------------- 77.54     
42         187        0          0          7056               37.73              187            1.00                     187        187        37.4              5          -------------------- 100.00
43         380        0          0          29112              76.61              380            1.00                     380        380        76.0              5          -------------------- 100.00
44         379        1          0          28862              75.95              380            1.00                     380        380        76.0              5          -------------------- 99.74 
46         143        45         0          7013               37.30              188            1.00                     188        188        37.6              5          ---------------- 76.06     
47         161        0          27         6883               36.61              188            1.00                     188        188        37.6              5          ------------------ 85.64   
48         986        180        0          271718             233.03             1166           1.00                     1166       1166       233.2             5          ----------------- 84.56    
49         501        665        0          271646             232.97             1166           1.00                     1166       1166       233.2             5          --------- 42.97            
50         834        332        0          271308             232.68             1166           1.00                     1166       1166       233.2             5          --------------- 71.53      
51         637        505        24         270205             231.74             1166           1.00                     1166       1166       233.2             5          ----------- 54.63          
52         472        694        0          271692             233.01             1166           1.00                     1166       1166       233.2             5          --------- 40.48            
53         847        295        24         270197             231.73             1166           1.00                     1166       1166       233.2             5          --------------- 72.64      
54         501        665        0          271646             232.97             1166           1.00                     1166       1166       233.2             5          --------- 42.97            
