contains the data for build a graph for analysis.
Exploration Plus One
PONE : plus one perturbator
10 arrays of 100 integers
Random integer generated with 23 as seed
49 perturbations points
Perturbator IndexLoc   #Perturtions   #Success   #Failure   #Exception #Call          %Success                   
1           0          767            694        73         0          58888          ------------------- 90.48  
1           1          767            705        0          62         57308          ------------------- 91.92  
1           2          767            767        0          0          58845          -------------------- 100.00
1           3          767            767        0          0          58869          -------------------- 100.00
1           4          767            767        0          0          58886          -------------------- 100.00
1           5          767            767        0          0          58869          -------------------- 100.00
1           6          767            767        0          0          58862          -------------------- 100.00
1           7          767            767        0          0          58845          -------------------- 100.00
1           8          767            767        0          0          58845          -------------------- 100.00
1           9          767            701        0          66         58949          ------------------- 91.40  
1           10         3184           3184       0          0          1014610        -------------------- 100.00
1           11         3184           3184       0          0          1014520        -------------------- 100.00
1           13         3189           2667       522        0          1029632        ----------------- 83.63    
1           14         3189           2781       408        0          1024615        ------------------ 87.21   
1           15         3189           3189       0          0          1027156        -------------------- 100.00
1           17         772            636        136        0          69229          ----------------- 82.38    
1           18         772            636        136        0          69229          ----------------- 82.38    
1           19         772            636        136        0          69229          ----------------- 82.38    
1           20         3843           3269       512        62         1477533        ------------------ 85.06   
1           21         3843           3843       0          0          1487753        -------------------- 100.00
1           22         3843           3207       636        0          1486033        ----------------- 83.45    
1           24         1426           1426       0          0          216650         -------------------- 100.00
1           25         1426           1239       187        0          212931         ------------------ 86.89   
1           26         1426           1426       0          0          216650         -------------------- 100.00
1           27         2417           2417       0          0          584518         -------------------- 100.00
1           28         2417           2347       70         0          584000         -------------------- 97.10 
1           30         2347           1347       1000       0          549320         ------------ 57.39         
1           31         2347           930        1370       47         546413         -------- 39.63             
1           32         2347           1779       568        0          548981         ---------------- 75.80     
1           33         2347           1779       568        0          548981         ---------------- 75.80     
1           34         2347           1779       568        0          548981         ---------------- 75.80     
1           35         2347           2347       0          0          551741         -------------------- 100.00
1           36         2347           1952       395        0          549410         ----------------- 83.17    
1           37         2347           2347       0          0          551741         -------------------- 100.00
1           38         767            758        9          0          58750          -------------------- 98.83 
1           39         767            767        0          0          59250          -------------------- 100.00
1           41         378            294        84         0          14230          ---------------- 77.78     
1           42         378            378        0          0          14404          -------------------- 100.00
1           43         767            767        0          0          59277          -------------------- 100.00
1           44         767            764        3          0          58768          -------------------- 99.61 
1           46         379            284        95         0          14267          --------------- 74.93      
1           47         379            327        0          52         14108          ------------------ 86.28   
1           48         2347           1977       370        0          550533         ----------------- 84.24    
1           49         2347           992        1355       0          550428         --------- 42.27            
1           50         2347           1660       687        0          549644         --------------- 70.73      
1           51         2347           1257       1043       47         547362         ----------- 53.56          
1           52         2347           907        1440       0          550372         -------- 38.65             
1           53         2347           1724       576        47         547189         --------------- 73.46      
1           54         2347           992        1355       0          550428         --------- 42.27            
