detail per task and per Perturbator.
Exploration Plus One
PONE : plus one perturbator
10 arrays of 100 integers
Random integer generated with 23 as seed
49 perturbations points
Task Perturbator  IndexLoc   #Success   #Failure   #Exception #Call      #Perturbations %Success                   
0    1            0          65         6          0          5072       71             ------------------- 91.55  
0    1            1          65         0          6          4876       71             ------------------- 91.55  
0    1            2          71         0          0          5047       71             -------------------- 100.00
0    1            3          71         0          0          5039       71             -------------------- 100.00
0    1            4          71         0          0          5055       71             -------------------- 100.00
0    1            5          71         0          0          5039       71             -------------------- 100.00
0    1            6          71         0          0          5055       71             -------------------- 100.00
0    1            7          71         0          0          5047       71             -------------------- 100.00
0    1            8          71         0          0          5047       71             -------------------- 100.00
0    1            9          67         0          4          5076       71             ------------------- 94.37  
0    1            10         310        0          0          96201      310            -------------------- 100.00
0    1            11         310        0          0          96140      310            -------------------- 100.00
0    1            13         255        44         0          89831      299            ------------------ 85.28   
0    1            14         263        36         0          89503      299            ------------------ 87.96   
0    1            15         299        0          0          89877      299            -------------------- 100.00
0    1            17         47         13         0          3831       60             ---------------- 78.33     
0    1            18         47         13         0          3831       60             ---------------- 78.33     
0    1            19         47         13         0          3831       60             ---------------- 78.33     
0    1            20         319        54         6          143215     379            ----------------- 84.17    
0    1            21         379        0          0          144062     379            -------------------- 100.00
0    1            22         321        58         0          143362     379            ----------------- 84.70    
0    1            24         140        0          0          19740      140            -------------------- 100.00
0    1            25         117        23         0          19767      140            ----------------- 83.57    
0    1            26         140        0          0          19740      140            -------------------- 100.00
0    1            27         239        0          0          57152      239            -------------------- 100.00
0    1            28         233        6          0          57094      239            -------------------- 97.49 
0    1            30         134        99         0          54151      233            ------------ 57.51         
0    1            31         88         141        4          53842      233            -------- 37.77             
0    1            32         175        58         0          54105      233            ---------------- 75.11     
0    1            33         175        58         0          54105      233            ---------------- 75.11     
0    1            34         175        58         0          54105      233            ---------------- 75.11     
0    1            35         233        0          0          54379      233            -------------------- 100.00
0    1            36         190        43         0          54172      233            ----------------- 81.55    
0    1            37         233        0          0          54379      233            -------------------- 100.00
0    1            38         70         1          0          5031       71             -------------------- 98.59 
0    1            39         71         0          0          5075       71             -------------------- 100.00
0    1            41         22         12         0          1155       34             ------------- 64.71        
0    1            42         34         0          0          1172       34             -------------------- 100.00
0    1            43         71         0          0          5076       71             -------------------- 100.00
0    1            44         70         1          0          5031       71             -------------------- 98.59 
0    1            46         26         10         0          1285       36             --------------- 72.22      
0    1            47         31         0          5          1255       36             ------------------ 86.11   
0    1            48         196        37         0          54244      233            ----------------- 84.12    
0    1            49         89         144        0          54218      233            -------- 38.20             
0    1            50         166        67         0          54178      233            --------------- 71.24      
0    1            51         125        104        4          53910      233            ----------- 53.65          
0    1            52         96         137        0          54246      233            --------- 41.20            
0    1            53         162        67         4          53910      233            -------------- 69.53       
0    1            54         89         144        0          54218      233            -------- 38.20             
1    1            0          65         10         0          5631       75             ------------------ 86.67   
1    1            1          69         0          6          5445       75             ------------------- 92.00  
1    1            2          75         0          0          5632       75             -------------------- 100.00
1    1            3          75         0          0          5630       75             -------------------- 100.00
1    1            4          75         0          0          5624       75             -------------------- 100.00
1    1            5          75         0          0          5630       75             -------------------- 100.00
1    1            6          75         0          0          5645       75             -------------------- 100.00
1    1            7          75         0          0          5632       75             -------------------- 100.00
1    1            8          75         0          0          5632       75             -------------------- 100.00
1    1            9          71         0          4          5656       75             ------------------- 94.67  
1    1            10         317        0          0          100543     317            -------------------- 100.00
1    1            11         317        0          0          100538     317            -------------------- 100.00
1    1            13         257        39         0          87948      296            ------------------ 86.82   
1    1            14         260        36         0          87734      296            ------------------ 87.84   
1    1            15         296        0          0          87858      296            -------------------- 100.00
1    1            17         45         9          0          3038       54             ----------------- 83.33    
1    1            18         45         9          0          3038       54             ----------------- 83.33    
1    1            19         45         9          0          3038       54             ----------------- 83.33    
1    1            20         368        48         6          176411     422            ------------------ 87.20   
1    1            21         422        0          0          177934     422            -------------------- 100.00
1    1            22         347        75         0          177968     422            ----------------- 82.23    
1    1            24         180        0          0          32580      180            -------------------- 100.00
1    1            25         162        18         0          31880      180            ------------------ 90.00   
1    1            26         180        0          0          32580      180            -------------------- 100.00
1    1            27         242        0          0          58590      242            -------------------- 100.00
1    1            28         235        7          0          58539      242            -------------------- 97.11 
1    1            30         137        98         0          55120      235            ------------ 58.30         
1    1            31         98         133        4          54896      235            --------- 41.70            
1    1            32         175        60         0          55051      235            --------------- 74.47      
1    1            33         175        60         0          55051      235            --------------- 74.47      
1    1            34         175        60         0          55051      235            --------------- 74.47      
1    1            35         235        0          0          55331      235            -------------------- 100.00
1    1            36         203        32         0          55116      235            ------------------ 86.38   
1    1            37         235        0          0          55331      235            -------------------- 100.00
1    1            38         75         0          0          5611       75             -------------------- 100.00
1    1            39         75         0          0          5662       75             -------------------- 100.00
1    1            41         31         5          0          1292       36             ------------------ 86.11   
1    1            42         36         0          0          1300       36             -------------------- 100.00
1    1            43         75         0          0          5662       75             -------------------- 100.00
1    1            44         75         0          0          5613       75             -------------------- 100.00
1    1            46         29         9          0          1436       38             ---------------- 76.32     
1    1            47         33         0          5          1409       38             ------------------ 86.84   
1    1            48         207        28         0          55192      235            ------------------ 88.09   
1    1            49         121        114        0          55178      235            ----------- 51.49          
1    1            50         164        71         0          55115      235            -------------- 69.79       
1    1            51         124        107        4          54961      235            ----------- 52.77          
1    1            52         91         144        0          55203      235            -------- 38.72             
1    1            53         180        51         4          54935      235            ---------------- 76.60     
1    1            54         121        114        0          55178      235            ----------- 51.49          
2    1            0          67         10         0          5920       77             ------------------ 87.01   
2    1            1          72         0          5          5811       77             ------------------- 93.51  
2    1            2          77         0          0          5914       77             -------------------- 100.00
2    1            3          77         0          0          5920       77             -------------------- 100.00
2    1            4          77         0          0          5923       77             -------------------- 100.00
2    1            5          77         0          0          5920       77             -------------------- 100.00
2    1            6          77         0          0          5914       77             -------------------- 100.00
2    1            7          77         0          0          5914       77             -------------------- 100.00
2    1            8          77         0          0          5914       77             -------------------- 100.00
2    1            9          70         0          7          5931       77             ------------------- 90.91  
2    1            10         319        0          0          101830     319            -------------------- 100.00
2    1            11         319        0          0          101811     319            -------------------- 100.00
2    1            13         274        55         0          109192     329            ----------------- 83.28    
2    1            14         292        37         0          108347     329            ------------------ 88.75   
2    1            15         329        0          0          108758     329            -------------------- 100.00
2    1            17         73         14         0          8390       87             ----------------- 83.91    
2    1            18         73         14         0          8390       87             ----------------- 83.91    
2    1            19         73         14         0          8390       87             ----------------- 83.91    
2    1            20         305        49         5          128013     359            ----------------- 84.96    
2    1            21         359        0          0          128984     359            -------------------- 100.00
2    1            22         294        65         0          128701     359            ----------------- 81.89    
2    1            24         117        0          0          13806      117            -------------------- 100.00
2    1            25         102        15         0          13458      117            ------------------ 87.18   
2    1            26         117        0          0          13806      117            -------------------- 100.00
2    1            27         242        0          0          58591      242            -------------------- 100.00
2    1            28         234        8          0          58528      242            -------------------- 96.69 
2    1            30         132        102        0          54540      234            ------------ 56.41         
2    1            31         94         135        5          54213      234            --------- 40.17            
2    1            32         180        54         0          54528      234            ---------------- 76.92     
2    1            33         180        54         0          54528      234            ---------------- 76.92     
2    1            34         180        54         0          54528      234            ---------------- 76.92     
2    1            35         234        0          0          54787      234            -------------------- 100.00
2    1            36         196        38         0          54640      234            ----------------- 83.76    
2    1            37         234        0          0          54787      234            -------------------- 100.00
2    1            38         76         1          0          5914       77             -------------------- 98.70 
2    1            39         77         0          0          5962       77             -------------------- 100.00
2    1            41         30         9          0          1508       39             ---------------- 76.92     
2    1            42         39         0          0          1528       39             -------------------- 100.00
2    1            43         77         0          0          5969       77             -------------------- 100.00
2    1            44         77         0          0          5919       77             -------------------- 100.00
2    1            46         27         10         0          1354       37             --------------- 72.97      
2    1            47         33         0          4          1363       37             ------------------ 89.19   
2    1            48         195        39         0          54727      234            ----------------- 83.33    
2    1            49         99         135        0          54713      234            --------- 42.31            
2    1            50         164        70         0          54565      234            --------------- 70.09      
2    1            51         134        95         5          54301      234            ------------ 57.26         
2    1            52         95         139        0          54694      234            --------- 40.60            
2    1            53         177        52         5          54322      234            ---------------- 75.64     
2    1            54         99         135        0          54713      234            --------- 42.31            
3    1            0          73         5          0          6071       78             ------------------- 93.59  
3    1            1          69         0          9          5829       78             ------------------ 88.46   
3    1            2          78         0          0          6080       78             -------------------- 100.00
3    1            3          78         0          0          6084       78             -------------------- 100.00
3    1            4          78         0          0          6081       78             -------------------- 100.00
3    1            5          78         0          0          6084       78             -------------------- 100.00
3    1            6          78         0          0          6074       78             -------------------- 100.00
3    1            7          78         0          0          6080       78             -------------------- 100.00
3    1            8          78         0          0          6080       78             -------------------- 100.00
3    1            9          66         0          12         6045       78             ----------------- 84.62    
3    1            10         319        0          0          101816     319            -------------------- 100.00
3    1            11         319        0          0          101815     319            -------------------- 100.00
3    1            13         262        39         0          90667      301            ------------------ 87.04   
3    1            14         258        43         0          90556      301            ------------------ 85.71   
3    1            15         301        0          0          90971      301            -------------------- 100.00
3    1            17         52         8          0          3710       60             ------------------ 86.67   
3    1            18         52         8          0          3710       60             ------------------ 86.67   
3    1            19         52         8          0          3710       60             ------------------ 86.67   
3    1            20         373        53         9          186311     435            ------------------ 85.75   
3    1            21         435        0          0          188535     435            -------------------- 100.00
3    1            22         369        66         0          188517     435            ----------------- 84.83    
3    1            24         194        0          0          37830      194            -------------------- 100.00
3    1            25         173        21         0          36624      194            ------------------ 89.18   
3    1            26         194        0          0          37830      194            -------------------- 100.00
3    1            27         241        0          0          58105      241            -------------------- 100.00
3    1            28         231        10         0          58045      241            -------------------- 95.85 
3    1            30         139        92         0          53256      231            ------------- 60.17        
3    1            31         96         128        7          52870      231            --------- 41.56            
3    1            32         175        56         0          53196      231            ---------------- 75.76     
3    1            33         175        56         0          53196      231            ---------------- 75.76     
3    1            34         175        56         0          53196      231            ---------------- 75.76     
3    1            35         231        0          0          53397      231            -------------------- 100.00
3    1            36         194        37         0          53260      231            ----------------- 83.98    
3    1            37         231        0          0          53397      231            -------------------- 100.00
3    1            38         78         0          0          6068       78             -------------------- 100.00
3    1            39         78         0          0          6121       78             -------------------- 100.00
3    1            41         31         7          0          1439       38             ----------------- 81.58    
3    1            42         38         0          0          1453       38             -------------------- 100.00
3    1            43         78         0          0          6123       78             -------------------- 100.00
3    1            44         78         0          0          6073       78             -------------------- 100.00
3    1            46         31         8          0          1498       39             ---------------- 79.49     
3    1            47         31         0          8          1445       39             ---------------- 79.49     
3    1            48         200        31         0          53302      231            ------------------ 86.58   
3    1            49         95         136        0          53244      231            --------- 41.13            
3    1            50         168        63         0          53285      231            --------------- 72.73      
3    1            51         129        95         7          52944      231            ------------ 55.84         
3    1            52         93         138        0          53338      231            --------- 40.26            
3    1            53         167        57         7          52911      231            --------------- 72.29      
3    1            54         95         136        0          53244      231            --------- 41.13            
4    1            0          77         2          0          6242       79             -------------------- 97.47 
4    1            1          73         0          6          6069       79             ------------------- 92.41  
4    1            2          79         0          0          6234       79             -------------------- 100.00
4    1            3          79         0          0          6235       79             -------------------- 100.00
4    1            4          79         0          0          6236       79             -------------------- 100.00
4    1            5          79         0          0          6235       79             -------------------- 100.00
4    1            6          79         0          0          6237       79             -------------------- 100.00
4    1            7          79         0          0          6234       79             -------------------- 100.00
4    1            8          79         0          0          6234       79             -------------------- 100.00
4    1            9          73         0          6          6267       79             ------------------- 92.41  
4    1            10         321        0          0          103096     321            -------------------- 100.00
4    1            11         321        0          0          103098     321            -------------------- 100.00
4    1            13         271        68         0          115054     339            ---------------- 79.94     
4    1            14         276        63         0          114733     339            ----------------- 81.42    
4    1            15         339        0          0          115040     339            -------------------- 100.00
4    1            17         83         14         0          9418       97             ------------------ 85.57   
4    1            18         83         14         0          9418       97             ------------------ 85.57   
4    1            19         83         14         0          9418       97             ------------------ 85.57   
4    1            20         295        54         6          126046     355            ----------------- 83.10    
4    1            21         355        0          0          126237     355            -------------------- 100.00
4    1            22         299        56         0          126452     355            ----------------- 84.23    
4    1            24         113        0          0          12882      113            -------------------- 100.00
4    1            25         88         25         0          13141      113            ---------------- 77.88     
4    1            26         113        0          0          12882      113            -------------------- 100.00
4    1            27         242        0          0          58586      242            -------------------- 100.00
4    1            28         233        9          0          58539      242            -------------------- 96.28 
4    1            30         132        101        0          54131      233            ------------ 56.65         
4    1            31         86         143        4          54033      233            -------- 36.91             
4    1            32         180        53         0          54099      233            ---------------- 77.25     
4    1            33         180        53         0          54099      233            ---------------- 77.25     
4    1            34         180        53         0          54099      233            ---------------- 77.25     
4    1            35         233        0          0          54384      233            -------------------- 100.00
4    1            36         186        47         0          54155      233            ---------------- 79.83     
4    1            37         233        0          0          54384      233            -------------------- 100.00
4    1            38         76         3          0          6227       79             -------------------- 96.20 
4    1            39         79         0          0          6278       79             -------------------- 100.00
4    1            41         31         9          0          1584       40             ---------------- 77.50     
4    1            42         40         0          0          1603       40             -------------------- 100.00
4    1            43         79         0          0          6282       79             -------------------- 100.00
4    1            44         79         0          0          6226       79             -------------------- 100.00
4    1            46         30         8          0          1440       38             ---------------- 78.95     
4    1            47         33         0          5          1411       38             ------------------ 86.84   
4    1            48         188        45         0          54253      233            ----------------- 80.69    
4    1            49         97         136        0          54293      233            --------- 41.63            
4    1            50         172        61         0          54165      233            --------------- 73.82      
4    1            51         125        104        4          54089      233            ----------- 53.65          
4    1            52         97         136        0          54211      233            --------- 41.63            
4    1            53         161        68         4          54119      233            -------------- 69.10       
4    1            54         97         136        0          54293      233            --------- 41.63            
5    1            0          70         8          0          6077       78             ------------------ 89.74   
5    1            1          74         0          4          6002       78             ------------------- 94.87  
5    1            2          78         0          0          6085       78             -------------------- 100.00
5    1            3          78         0          0          6087       78             -------------------- 100.00
5    1            4          78         0          0          6085       78             -------------------- 100.00
5    1            5          78         0          0          6087       78             -------------------- 100.00
5    1            6          78         0          0          6078       78             -------------------- 100.00
5    1            7          78         0          0          6085       78             -------------------- 100.00
5    1            8          78         0          0          6085       78             -------------------- 100.00
5    1            9          70         0          8          6027       78             ------------------ 89.74   
5    1            10         321        0          0          103093     321            -------------------- 100.00
5    1            11         321        0          0          103094     321            -------------------- 100.00
5    1            13         317        47         0          133675     364            ------------------ 87.09   
5    1            14         329        35         0          133061     364            ------------------- 90.38  
5    1            15         364        0          0          133021     364            -------------------- 100.00
5    1            17         108        13         0          14885      121            ------------------ 89.26   
5    1            18         108        13         0          14885      121            ------------------ 89.26   
5    1            19         108        13         0          14885      121            ------------------ 89.26   
5    1            20         328        51         4          145980     383            ------------------ 85.64   
5    1            21         383        0          0          146703     383            -------------------- 100.00
5    1            22         310        73         0          146562     383            ----------------- 80.94    
5    1            24         140        0          0          19740      140            -------------------- 100.00
5    1            25         125        15         0          19262      140            ------------------ 89.29   
5    1            26         140        0          0          19740      140            -------------------- 100.00
5    1            27         243        0          0          59074      243            -------------------- 100.00
5    1            28         236        7          0          59018      243            -------------------- 97.12 
5    1            30         134        102        0          55556      236            ------------ 56.78         
5    1            31         92         140        4          55312      236            -------- 38.98             
5    1            32         177        59         0          55509      236            --------------- 75.00      
5    1            33         177        59         0          55509      236            --------------- 75.00      
5    1            34         177        59         0          55509      236            --------------- 75.00      
5    1            35         236        0          0          55807      236            -------------------- 100.00
5    1            36         187        49         0          55558      236            ---------------- 79.24     
5    1            37         236        0          0          55807      236            -------------------- 100.00
5    1            38         76         2          0          6069       78             -------------------- 97.44 
5    1            39         78         0          0          6121       78             -------------------- 100.00
5    1            41         26         11         0          1363       37             --------------- 70.27      
5    1            42         37         0          0          1379       37             -------------------- 100.00
5    1            43         78         0          0          6122       78             -------------------- 100.00
5    1            44         78         0          0          6070       78             -------------------- 100.00
5    1            46         29         11         0          1586       40             --------------- 72.50      
5    1            47         37         0          3          1609       40             ------------------- 92.50  
5    1            48         199        37         0          55674      236            ----------------- 84.32    
5    1            49         108        128        0          55673      236            ---------- 45.76           
5    1            50         168        68         0          55571      236            --------------- 71.19      
5    1            51         126        106        4          55357      236            ----------- 53.39          
5    1            52         95         141        0          55634      236            --------- 40.25            
5    1            53         170        62         4          55401      236            --------------- 72.03      
5    1            54         108        128        0          55673      236            ---------- 45.76           
6    1            0          73         6          0          6233       79             ------------------- 92.41  
6    1            1          74         0          5          6128       79             ------------------- 93.67  
6    1            2          79         0          0          6231       79             -------------------- 100.00
6    1            3          79         0          0          6237       79             -------------------- 100.00
6    1            4          79         0          0          6241       79             -------------------- 100.00
6    1            5          79         0          0          6237       79             -------------------- 100.00
6    1            6          79         0          0          6221       79             -------------------- 100.00
6    1            7          79         0          0          6231       79             -------------------- 100.00
6    1            8          79         0          0          6231       79             -------------------- 100.00
6    1            9          71         0          8          6217       79             ------------------ 89.87   
6    1            10         324        0          0          105027     324            -------------------- 100.00
6    1            11         324        0          0          105032     324            -------------------- 100.00
6    1            13         288        69         0          127939     357            ----------------- 80.67    
6    1            14         309        48         0          127890     357            ------------------ 86.55   
6    1            15         357        0          0          127555     357            -------------------- 100.00
6    1            17         92         20         0          12598      112            ----------------- 82.14    
6    1            18         92         20         0          12598      112            ----------------- 82.14    
6    1            19         92         20         0          12598      112            ----------------- 82.14    
6    1            20         275        57         5          113126     337            ----------------- 81.60    
6    1            21         337        0          0          113718     337            -------------------- 100.00
6    1            22         289        48         0          113575     337            ------------------ 85.76   
6    1            24         92         0          0          8556       92             -------------------- 100.00
6    1            25         73         19         0          8459       92             ---------------- 79.35     
6    1            26         92         0          0          8556       92             -------------------- 100.00
6    1            27         245        0          0          60048      245            -------------------- 100.00
6    1            28         239        6          0          59999      245            -------------------- 97.55 
6    1            30         140        99         0          56768      239            ------------ 58.58         
6    1            31         101        133        5          56415      239            --------- 42.26            
6    1            32         196        43         0          56830      239            ----------------- 82.01    
6    1            33         196        43         0          56830      239            ----------------- 82.01    
6    1            34         196        43         0          56830      239            ----------------- 82.01    
6    1            35         239        0          0          57099      239            -------------------- 100.00
6    1            36         188        51         0          56767      239            ---------------- 78.66     
6    1            37         239        0          0          57099      239            -------------------- 100.00
6    1            38         78         1          0          6229       79             -------------------- 98.73 
6    1            39         79         0          0          6277       79             -------------------- 100.00
6    1            41         34         6          0          1581       40             ----------------- 85.00    
6    1            42         40         0          0          1609       40             -------------------- 100.00
6    1            43         79         0          0          6282       79             -------------------- 100.00
6    1            44         79         0          0          6229       79             -------------------- 100.00
6    1            46         30         8          0          1431       38             ---------------- 78.95     
6    1            47         34         0          4          1438       38             ------------------ 89.47   
6    1            48         193        46         0          56997      239            ----------------- 80.75    
6    1            49         111        128        0          56969      239            ---------- 46.44           
6    1            50         180        59         0          56862      239            ---------------- 75.31     
6    1            51         136        98         5          56628      239            ------------ 56.90         
6    1            52         94         145        0          56990      239            -------- 39.33             
6    1            53         163        71         5          56555      239            -------------- 68.20       
6    1            54         111        128        0          56969      239            ---------- 46.44           
7    1            0          68         10         0          6071       78             ------------------ 87.18   
7    1            1          71         0          7          5934       78             ------------------- 91.03  
7    1            2          78         0          0          6076       78             -------------------- 100.00
7    1            3          78         0          0          6079       78             -------------------- 100.00
7    1            4          78         0          0          6089       78             -------------------- 100.00
7    1            5          78         0          0          6079       78             -------------------- 100.00
7    1            6          78         0          0          6084       78             -------------------- 100.00
7    1            7          78         0          0          6076       78             -------------------- 100.00
7    1            8          78         0          0          6076       78             -------------------- 100.00
7    1            9          71         0          7          6099       78             ------------------- 91.03  
7    1            10         317        0          0          100537     317            -------------------- 100.00
7    1            11         317        0          0          100543     317            -------------------- 100.00
7    1            13         240        59         0          91184      299            ----------------- 80.27    
7    1            14         266        33         0          89493      299            ------------------ 88.96   
7    1            15         299        0          0          90416      299            -------------------- 100.00
7    1            17         43         17         0          5266       60             --------------- 71.67      
7    1            18         43         17         0          5266       60             --------------- 71.67      
7    1            19         43         17         0          5266       60             --------------- 71.67      
7    1            20         336        55         7          157534     398            ----------------- 84.42    
7    1            21         398        0          0          158643     398            -------------------- 100.00
7    1            22         315        83         0          158095     398            ---------------- 79.15     
7    1            24         159        0          0          25440      159            -------------------- 100.00
7    1            25         141        18         0          25190      159            ------------------ 88.68   
7    1            26         159        0          0          25440      159            -------------------- 100.00
7    1            27         239        0          0          57145      239            -------------------- 100.00
7    1            28         233        6          0          57092      239            -------------------- 97.49 
7    1            30         140        93         0          54084      233            ------------- 60.09        
7    1            31         90         138        5          53893      233            -------- 38.63             
7    1            32         178        55         0          54044      233            ---------------- 76.39     
7    1            33         178        55         0          54044      233            ---------------- 76.39     
7    1            34         178        55         0          54044      233            ---------------- 76.39     
7    1            35         233        0          0          54334      233            -------------------- 100.00
7    1            36         204        29         0          54064      233            ------------------ 87.55   
7    1            37         233        0          0          54334      233            -------------------- 100.00
7    1            38         78         0          0          6069       78             -------------------- 100.00
7    1            39         78         0          0          6120       78             -------------------- 100.00
7    1            41         32         7          0          1509       39             ----------------- 82.05    
7    1            42         39         0          0          1525       39             -------------------- 100.00
7    1            43         78         0          0          6124       78             -------------------- 100.00
7    1            44         78         0          0          6072       78             -------------------- 100.00
7    1            46         27         11         0          1435       38             --------------- 71.05      
7    1            47         32         0          6          1427       38             ----------------- 84.21    
7    1            48         198        35         0          54184      233            ----------------- 84.98    
7    1            49         91         142        0          54224      233            -------- 39.06             
7    1            50         162        71         0          54135      233            -------------- 69.53       
7    1            51         115        113        5          54091      233            ---------- 49.36           
7    1            52         77         156        0          54202      233            ------- 33.05              
7    1            53         177        51         5          53969      233            ---------------- 75.97     
7    1            54         91         142        0          54224      233            -------- 39.06             
8    1            0          70         8          0          6085       78             ------------------ 89.74   
8    1            1          72         0          6          5951       78             ------------------- 92.31  
8    1            2          78         0          0          6068       78             -------------------- 100.00
8    1            3          78         0          0          6079       78             -------------------- 100.00
8    1            4          78         0          0          6072       78             -------------------- 100.00
8    1            5          78         0          0          6079       78             -------------------- 100.00
8    1            6          78         0          0          6067       78             -------------------- 100.00
8    1            7          78         0          0          6068       78             -------------------- 100.00
8    1            8          78         0          0          6068       78             -------------------- 100.00
8    1            9          75         0          3          6124       78             -------------------- 96.15 
8    1            10         325        0          0          105669     325            -------------------- 100.00
8    1            11         325        0          0          105679     325            -------------------- 100.00
8    1            13         245        57         0          91881      302            ----------------- 81.13    
8    1            14         268        34         0          91420      302            ------------------ 88.74   
8    1            15         302        0          0          91522      302            -------------------- 100.00
8    1            17         37         18         0          3348       55             -------------- 67.27       
8    1            18         37         18         0          3348       55             -------------- 67.27       
8    1            19         37         18         0          3348       55             -------------- 67.27       
8    1            20         300        45         6          123155     351            ------------------ 85.47   
8    1            21         351        0          0          123559     351            -------------------- 100.00
8    1            22         303        48         0          123271     351            ------------------ 86.32   
8    1            24         104        0          0          10920      104            -------------------- 100.00
8    1            25         89         15         0          10977      104            ------------------ 85.58   
8    1            26         104        0          0          10920      104            -------------------- 100.00
8    1            27         247        0          0          61033      247            -------------------- 100.00
8    1            28         245        2          0          61006      247            -------------------- 99.19 
8    1            30         133        112        0          59769      245            ----------- 54.29          
8    1            31         95         146        4          59388      245            -------- 38.78             
8    1            32         176        69         0          59756      245            --------------- 71.84      
8    1            33         176        69         0          59756      245            --------------- 71.84      
8    1            34         176        69         0          59756      245            --------------- 71.84      
8    1            35         245        0          0          60113      245            -------------------- 100.00
8    1            36         209        36         0          59738      245            ------------------ 85.31   
8    1            37         245        0          0          60113      245            -------------------- 100.00
8    1            38         78         0          0          6069       78             -------------------- 100.00
8    1            39         78         0          0          6121       78             -------------------- 100.00
8    1            41         28         10         0          1440       38             --------------- 73.68      
8    1            42         38         0          0          1456       38             -------------------- 100.00
8    1            43         78         0          0          6123       78             -------------------- 100.00
8    1            44         77         1          0          6068       78             -------------------- 98.72 
8    1            46         30         9          0          1514       39             ---------------- 76.92     
8    1            47         34         0          5          1508       39             ------------------ 87.18   
8    1            48         208        37         0          59964      245            ----------------- 84.90    
8    1            49         94         151        0          59969      245            -------- 38.37             
8    1            50         158        87         0          59816      245            ------------- 64.49        
8    1            51         122        119        4          59548      245            ---------- 49.80           
8    1            52         84         161        0          59909      245            ------- 34.29              
8    1            53         190        51         4          59509      245            ---------------- 77.55     
8    1            54         94         151        0          59969      245            -------- 38.37             
9    1            0          66         8          0          5486       74             ------------------ 89.19   
9    1            1          66         0          8          5263       74             ------------------ 89.19   
9    1            2          74         0          0          5478       74             -------------------- 100.00
9    1            3          74         0          0          5479       74             -------------------- 100.00
9    1            4          74         0          0          5480       74             -------------------- 100.00
9    1            5          74         0          0          5479       74             -------------------- 100.00
9    1            6          74         0          0          5487       74             -------------------- 100.00
9    1            7          74         0          0          5478       74             -------------------- 100.00
9    1            8          74         0          0          5478       74             -------------------- 100.00
9    1            9          67         0          7          5507       74             ------------------- 90.54  
9    1            10         311        0          0          96798      311            -------------------- 100.00
9    1            11         311        0          0          96770      311            -------------------- 100.00
9    1            13         258        45         0          92261      303            ------------------ 85.15   
9    1            14         260        43         0          91878      303            ------------------ 85.81   
9    1            15         303        0          0          92138      303            -------------------- 100.00
9    1            17         56         10         0          4745       66             ----------------- 84.85    
9    1            18         56         10         0          4745       66             ----------------- 84.85    
9    1            19         56         10         0          4745       66             ----------------- 84.85    
9    1            20         370        46         8          177742     424            ------------------ 87.26   
9    1            21         424        0          0          179378     424            -------------------- 100.00
9    1            22         360        64         0          179530     424            ----------------- 84.91    
9    1            24         187        0          0          35156      187            -------------------- 100.00
9    1            25         169        18         0          34173      187            ------------------- 90.37  
9    1            26         187        0          0          35156      187            -------------------- 100.00
9    1            27         237        0          0          56194      237            -------------------- 100.00
9    1            28         228        9          0          56140      237            -------------------- 96.20 
9    1            30         126        102        0          51945      228            ------------ 55.26         
9    1            31         90         133        5          51551      228            -------- 39.47             
9    1            32         167        61         0          51863      228            --------------- 73.25      
9    1            33         167        61         0          51863      228            --------------- 73.25      
9    1            34         167        61         0          51863      228            --------------- 73.25      
9    1            35         228        0          0          52110      228            -------------------- 100.00
9    1            36         195        33         0          51940      228            ------------------ 85.53   
9    1            37         228        0          0          52110      228            -------------------- 100.00
9    1            38         73         1          0          5463       74             -------------------- 98.65 
9    1            39         74         0          0          5513       74             -------------------- 100.00
9    1            41         29         8          0          1359       37             ---------------- 78.38     
9    1            42         37         0          0          1379       37             -------------------- 100.00
9    1            43         74         0          0          5514       74             -------------------- 100.00
9    1            44         73         1          0          5467       74             -------------------- 98.65 
9    1            46         25         11         0          1288       36             -------------- 69.44       
9    1            47         29         0          7          1243       36             ----------------- 80.56    
9    1            48         193        35         0          51996      228            ----------------- 84.65    
9    1            49         87         141        0          51947      228            -------- 38.16             
9    1            50         158        70         0          51952      228            -------------- 69.30       
9    1            51         121        102        5          51533      228            ----------- 53.07          
9    1            52         85         143        0          51945      228            -------- 37.28             
9    1            53         177        46         5          51558      228            ---------------- 77.63     
9    1            54         87         141        0          51947      228            -------- 38.16             
